City_ID,lat,lon,humidity,temp in celsius,windspeed,cloudiness,temp in fahrenheit
0,-39.0333,-67.5833,34,19.22,8.1,95,66.596
1,38.5167,-28.7,73,24.22,7.72,40,75.596
2,-54.8,-68.3,61,7.81,2.06,75,46.058
3,59.0556,80.8572,77,7.63,2.87,100,45.734
4,41.9174,3.1631,52,25.19,0.45,21,77.342
5,-16.2325,39.9086,76,24.14,6.23,0,75.452
6,31.61,34.7642,68,27.54,2.75,0,81.572
7,-38.2667,141.9667,96,7.39,4.29,100,45.302
8,-23.1203,-134.9692,72,23.05,9.25,1,73.49000000000001
9,-46.6,168.3333,78,8.22,3.87,79,46.796
10,26.2154,50.5832,47,36.92,2.06,1,98.456
11,-42.7826,147.0587,83,5.05,1.13,98,41.09
12,55.7028,37.3822,59,17.81,5.0,0,64.05799999999999
13,49.5464,39.0899,43,25.98,2.58,44,78.764
14,22.5667,95.7,86,26.16,2.12,100,79.088
15,53.0452,158.6483,100,12.33,0.0,75,54.194
16,57.0531,-135.33,82,12.94,5.66,90,55.292
17,40.2833,97.2,29,19.37,5.9,23,66.866
18,36.0696,49.6959,48,27.07,4.03,0,80.726
19,28.6585,-17.9182,82,25.07,4.63,20,77.126
20,1.4451,125.1824,84,25.47,3.21,94,77.846
21,7.7669,-72.225,41,25.1,3.47,82,77.18
22,42.6001,-73.9662,55,20.62,3.95,37,69.116
23,-23.65,-70.4,57,19.01,4.05,11,66.218
24,-42.8794,147.3294,94,4.49,0.45,95,40.082
25,38.4681,106.2731,45,20.25,5.38,97,68.45
26,-1.195,-46.02,64,29.86,5.86,94,85.748
27,71.2906,-156.7887,87,3.01,7.72,90,37.418
28,35.7333,140.8333,87,26.22,4.12,0,79.196
29,10.9995,122.6711,91,24.57,1.16,99,76.226
30,-3.7508,103.6372,85,23.33,0.51,99,73.994
31,-9.8,-139.0333,79,25.53,9.38,26,77.95400000000001
32,-22.2763,166.4572,81,18.99,1.55,0,66.182
33,-34.5322,20.0403,70,6.27,1.18,48,43.286
34,-33.9258,18.4232,72,9.37,1.54,40,48.866
35,-46.1927,168.8643,95,8.04,0.54,77,46.471999999999994
36,7.7102,81.6924,64,28.3,5.41,100,82.94
37,9.1924,117.8141,84,26.14,1.76,84,79.05199999999999
38,-0.7393,-90.3518,80,22.53,3.13,65,72.554
39,-38.0023,-57.5575,63,16.01,5.66,0,60.818
40,-27.4806,-58.8341,47,27.7,0.89,0,81.86
41,5.1367,-5.0242,85,25.37,4.47,89,77.666
42,-33.5906,26.891,73,11.02,6.67,61,51.836
43,-53.15,-70.9167,71,8.06,11.83,75,46.508
44,-22.9661,-42.0278,78,23.92,2.57,40,75.05600000000001
45,-33.65,115.3333,84,12.25,4.99,100,54.05
46,21.5667,74.2167,76,25.84,4.3,82,78.512
47,18.6853,12.9164,14,39.44,2.37,53,102.99199999999999
48,27.7167,85.3167,100,20.12,1.54,75,68.21600000000001
49,-3.8004,102.2655,90,24.38,2.93,90,75.884
50,-0.6,73.0833,74,28.03,5.56,55,82.45400000000001
51,1.6136,16.0517,95,22.64,1.35,99,72.752
52,31.3525,27.2453,76,26.93,3.54,0,80.474
53,68.0531,39.5131,76,7.29,9.39,100,45.122
54,-34.4187,19.2345,54,6.56,0.27,36,43.808
55,68.75,161.3,78,0.79,4.06,90,33.422
56,-15.5333,167.1667,80,24.13,4.08,49,75.434
57,25.2088,64.6357,84,25.95,3.68,27,78.71
58,71.6872,128.8694,98,1.87,8.51,100,35.366
59,39.8121,-121.5783,20,29.38,1.34,0,84.884
60,-23.865,35.3833,88,22.99,5.14,20,73.382
61,70.6634,23.6821,81,8.25,2.57,90,46.85
62,-0.8833,131.25,88,25.33,2.38,89,77.594
63,60.4641,24.8073,82,18.29,3.09,0,64.922
64,41.5388,-8.6151,75,21.69,2.91,100,71.042
65,-17.9167,15.95,18,22.47,2.74,0,72.446
66,40.4272,71.7189,13,32.4,4.12,7,90.32
67,-21.2,-175.2,68,20.09,3.09,75,68.162
68,63.8385,23.1307,76,11.1,2.06,0,51.98
69,36.6864,52.5225,72,28.17,0.15,0,82.706
70,-33.918,25.5701,81,9.16,5.14,90,48.488
71,22.2855,114.1577,72,28.56,3.93,71,83.40799999999999
72,-10.4544,161.9205,85,25.06,5.1,16,77.108
73,-20.4081,57.7,100,21.16,10.8,75,70.088
74,-29.6842,-53.8069,72,18.61,5.66,20,65.498
75,64.2273,27.7285,82,12.03,0.51,0,53.653999999999996
76,-17.2222,-46.8747,23,31.09,3.68,16,87.962
77,55.4624,29.9816,97,13.28,2.87,98,55.903999999999996
78,67.667,12.6934,84,12.34,2.5,30,54.212
79,-3.0091,114.3876,98,25.09,1.08,100,77.162
80,43.6475,111.9767,67,14.56,3.16,8,58.208
81,69.4541,-133.0374,93,9.0,3.6,75,48.2
82,21.2833,-89.6667,60,32.06,4.51,5,89.708
83,-10.1667,123.5833,72,23.54,2.48,2,74.372
84,66.0449,-17.3389,59,15.95,3.13,59,60.709999999999994
85,51.0334,-113.8187,50,18.16,2.57,20,64.688
86,-2.8731,-67.8022,42,35.3,0.21,20,95.53999999999999
87,65.6145,-37.6368,99,8.09,0.94,100,46.562
88,64.8378,-147.7164,92,3.86,2.57,90,38.948
89,45.41,79.9186,45,19.24,3.86,88,66.632
90,-13.7,-76.2167,77,17.03,4.12,0,62.654
91,-8.9266,125.4092,55,14.45,1.09,69,58.01
92,62.456,-114.3525,100,15.29,3.6,75,59.522
93,-31.4333,152.9167,62,1.98,2.27,0,35.564
94,70.3705,31.1107,75,8.14,7.82,88,46.652
95,48.9329,-125.5528,72,13.17,1.44,61,55.706
96,65.282,-126.8329,88,13.02,4.63,75,55.436
97,12.1667,104.55,90,24.73,1.56,99,76.514
98,4.375,-7.7169,81,25.27,4.49,98,77.486
99,9.5667,37.1,88,11.77,0.6,59,53.186
100,20.8947,-156.47,73,23.01,3.6,20,73.418
101,70.6333,147.9167,96,0.63,2.66,100,33.134
102,-32.035,-52.0986,62,17.75,6.83,65,63.95
103,14.0354,-0.0345,39,34.67,2.8,42,94.406
104,36.0998,0.4206,56,24.74,4.02,9,76.532
105,-33.6971,-53.4616,60,16.79,4.96,89,62.221999999999994
106,-9.0122,-35.2225,73,25.93,4.5,29,78.674
107,-14.5247,-49.1408,14,36.15,2.55,6,97.07
108,3.0707,172.7902,74,27.84,4.38,54,82.112
109,23.55,75.5167,82,25.05,2.58,95,77.09
110,40.5982,-124.1573,80,16.55,0.0,20,61.790000000000006
111,72.7868,-56.1549,73,3.56,1.51,96,38.408
112,22.8909,-109.9124,55,34.52,3.09,1,94.136
113,65.75,150.85,68,7.41,4.42,91,45.338
114,20.5169,-13.0499,20,39.83,4.6,49,103.69399999999999
115,37.3394,-121.895,42,27.97,0.0,75,82.346
116,45.7625,106.2708,51,13.55,4.48,94,56.39
117,43.801,87.6005,35,22.53,3.0,0,72.554
118,5.4112,100.3354,85,27.43,0.51,20,81.374
119,19.7297,-155.09,80,22.72,3.6,1,72.896
120,-21.4803,-56.1381,66,24.47,1.96,100,76.04599999999999
121,43.8469,46.715,69,23.82,3.32,0,74.876
122,53.3224,81.498,46,17.9,1.46,1,64.22
123,47.6666,-52.7314,79,16.15,3.58,96,61.07
124,39.2342,106.3439,50,17.61,1.37,27,63.698
125,-16.4833,-151.75,75,25.99,3.32,29,78.782
126,59.7035,30.7861,79,18.94,2.44,47,66.092
127,-34.5833,150.8552,85,7.69,0.89,3,45.842
128,-27.4524,23.4325,25,5.55,4.46,0,41.989999999999995
129,64.3833,-173.3,98,8.57,2.75,100,47.426
130,-41.8697,-73.8203,90,10.74,5.25,100,51.332
131,42.097,-79.2353,68,28.97,2.24,75,84.146
132,77.484,-69.3632,99,2.27,1.49,100,36.086
133,30.3333,10.85,12,35.6,3.52,11,96.08000000000001
134,-4.0625,144.0661,99,22.73,1.08,35,72.914
135,60.1432,-45.2371,71,6.95,2.6,100,44.510000000000005
136,6.351,116.4305,89,24.92,1.66,96,76.85600000000001
137,-21.3585,55.7679,86,20.07,4.98,97,68.126
138,-37.6167,-73.65,93,11.03,6.76,100,51.854
139,44.3876,-68.2039,44,20.54,1.34,1,68.972
140,-16.9167,145.7667,88,22.63,2.57,90,72.734
141,45.5234,-122.6762,64,19.49,0.89,1,67.082
142,20.5022,-10.0711,17,39.57,2.34,46,103.226
143,5.9485,80.5353,90,25.66,5.79,91,78.188
144,-6.8844,112.2051,84,24.95,3.41,43,76.91
145,63.7506,-68.5145,93,4.85,3.09,90,40.730000000000004
146,40.81,114.8794,85,13.54,0.4,5,56.372
147,58.6881,99.1844,78,12.72,1.02,24,54.896
148,-20.7833,117.1333,61,21.04,3.04,67,69.872
149,11.8464,13.1603,71,27.48,3.61,84,81.464
150,-0.9492,100.3543,87,25.03,1.6,71,77.054
151,45.4794,133.4244,86,16.39,2.79,42,61.501999999999995
152,70.4692,-68.5914,81,5.13,0.0,75,41.234
153,22.6163,120.3133,82,28.94,1.03,40,84.09200000000001
154,16.3333,-15.0,54,33.8,5.62,99,92.84
155,45.0917,133.5136,92,14.89,2.39,35,58.802
156,38.2545,-104.6091,25,32.46,0.89,1,90.428
157,57.79,-152.4072,43,11.73,11.83,1,53.114000000000004
158,-25.2406,130.9889,29,8.91,2.57,0,48.038
159,8.9242,-67.4293,44,33.14,3.86,100,91.652
160,-33.0153,27.9116,58,11.52,8.75,0,52.736
161,-19.8,-174.35,61,22.24,7.38,80,72.032
162,-6.2167,155.6333,83,25.73,1.36,34,78.314
163,-4.9667,39.8333,77,24.09,5.96,5,75.362
164,-40.8135,-62.9967,30,17.82,6.23,56,64.076
165,-24.7911,-50.0119,92,14.44,3.92,100,57.992000000000004
166,-33.8667,121.9,81,10.91,5.49,100,51.638
167,46.6166,10.7002,91,16.78,2.78,97,62.204
168,32.5056,-110.9211,38,32.04,0.45,82,89.672
169,5.8933,95.3214,71,28.18,7.13,94,82.724
170,-27.5833,153.3,91,10.32,2.45,0,50.576
171,-12.529,27.8838,22,23.11,1.09,6,73.598
172,4.6533,119.4706,74,28.26,4.46,91,82.868
173,66.4167,112.4,74,5.61,4.46,93,42.098
174,60.8156,-115.7999,52,19.99,3.6,75,67.982
175,-28.65,153.6167,58,6.32,2.21,0,43.376000000000005
176,69.3143,16.1194,93,10.99,2.06,90,51.782
177,-32.25,148.6167,87,3.07,2.06,16,37.525999999999996
178,21.4267,39.8261,37,35.26,2.62,3,95.46799999999999
179,-19.55,169.2667,76,21.4,2.68,7,70.52
180,40.1578,-83.0752,64,30.01,2.24,1,86.018
181,31.6546,-106.3033,40,29.84,2.06,20,85.712
182,-9.4333,159.95,90,24.61,3.45,51,76.298
183,22.0752,-159.319,87,24.43,5.66,40,75.974
184,34.7837,47.6004,22,29.45,5.43,2,85.01
185,-2.5744,150.7967,78,27.89,6.31,98,82.202
186,-34.7333,135.8667,81,9.7,3.81,30,49.46
187,29.4608,-95.0513,76,30.7,1.79,75,87.26
188,18.3851,42.4509,20,26.29,4.99,56,79.322
189,27.9769,-114.0611,50,29.03,2.61,3,84.25399999999999
190,-35.1,173.7833,96,11.85,2.5,22,53.33
191,69.2167,-51.1,75,5.01,3.09,40,41.018
192,37.7333,-25.6667,83,24.4,7.2,40,75.92
193,-41.0667,145.9167,87,9.07,4.83,100,48.326
194,-26.6481,15.1594,33,16.13,9.02,0,61.034
195,29.5833,-9.5,40,26.67,3.37,0,80.006
196,21.3906,-158.1547,69,24.42,2.06,1,75.956
197,35.6127,-77.3663,64,32.78,1.54,40,91.00399999999999
198,39.05,-27.9833,86,21.69,7.8,21,71.042
199,2.9845,99.6158,98,22.72,1.49,99,72.896
200,51.2585,-80.6094,56,19.99,6.17,20,67.982
201,-30.1811,-50.2056,75,17.18,7.92,1,62.924
202,43.4065,-124.2243,72,17.81,6.17,1,64.05799999999999
203,69.7008,170.3133,80,-0.05,3.56,9,31.91
204,43.4832,-8.2369,82,21.25,2.09,95,70.25
205,63.7256,8.834,80,16.98,3.25,0,62.564
206,48.2183,135.0564,97,17.7,3.05,70,63.86
207,54.3653,42.8617,52,14.19,2.58,4,57.542
208,-20.2833,44.2833,83,23.1,5.23,0,73.58
209,39.1834,-84.5333,61,31.71,0.45,20,89.078
210,38.421,-121.4238,27,29.43,2.06,90,84.974
211,-46.2817,169.8464,95,4.27,2.34,31,39.686
212,-2.2333,-80.9,78,23.81,5.14,75,74.858
213,34.7668,-92.3001,60,31.35,4.12,75,88.43
214,-28.24,-48.6703,76,19.94,2.97,80,67.892
215,38.2856,-85.8241,57,32.4,0.89,75,90.32
216,13.8065,-10.8321,75,29.42,2.65,55,84.956
217,-17.3411,-39.2208,64,25.41,4.06,17,77.738
218,37.1041,-113.5841,16,32.42,0.0,1,90.35600000000001
219,59.4511,112.5578,75,10.33,1.27,32,50.594
220,41.7597,86.1469,22,25.3,4.26,20,77.54
221,4.8517,31.5825,66,24.94,2.24,47,76.892
222,-15.1961,12.1522,85,17.49,0.93,6,63.482
223,-45.5752,-72.0662,57,9.97,3.6,75,49.946
224,-38.7,-73.1667,95,12.11,1.99,100,53.798
225,-5.1989,-35.4608,62,30.5,8.75,48,86.9
226,18.1725,120.5953,82,26.71,2.15,65,80.078
227,32.6667,-17.1,69,25.47,2.56,11,77.846
228,41.9563,42.9566,60,19.76,1.53,0,67.568
229,35.1333,140.3,91,28.06,3.81,0,82.508
230,40.1629,-8.3327,55,21.31,3.68,83,70.358
231,67.45,153.6833,61,3.87,4.12,100,38.966
232,64.2667,24.8,85,14.15,2.32,0,57.47
233,73.5069,80.5464,74,5.1,6.76,100,41.18
234,40.8,-96.667,52,32.85,0.45,1,91.13000000000001
235,1.2897,103.8501,79,27.93,3.09,75,82.274
236,-37.8333,140.7667,93,7.95,4.12,75,46.31
237,50.3,87.7333,61,5.08,0.56,5,41.144
238,-22.9575,14.5053,46,14.49,12.66,0,58.082
239,9.285,105.7244,85,26.28,2.64,98,79.304
240,-4.0667,35.3833,36,16.78,1.01,45,62.204
241,62.5833,6.1333,67,16.7,1.54,0,62.059999999999995
242,13.2167,-59.5167,70,31.34,10.29,75,88.412
243,66.0,111.5,77,4.82,5.14,99,40.676
244,71.9167,114.0833,98,1.72,5.46,100,35.096000000000004
245,35.8656,-101.9732,40,31.07,9.26,1,87.926
246,3.7833,72.9667,75,27.98,7.13,93,82.364
247,66.1451,-65.7125,76,7.0,6.69,40,44.6
248,-46.1333,167.6833,91,8.23,0.53,78,46.814
249,-19.2333,17.7167,19,20.27,5.63,0,68.486
250,-3.945,122.4989,97,22.57,1.29,100,72.626
251,4.05,38.3,44,19.05,4.73,12,66.29
252,49.7834,-74.8492,35,16.88,4.25,100,62.384
253,27.5167,88.5333,96,23.45,0.15,100,74.21
254,43.3236,145.575,89,17.1,3.1,1,62.78
255,-19.0595,-169.9187,94,14.94,0.51,99,58.892
256,25.2934,32.554,14,35.71,5.72,0,96.27799999999999
257,1.6381,18.0667,94,23.02,1.63,97,73.436
258,-9.0853,-78.5783,70,20.59,4.61,62,69.062
259,-24.8667,113.6333,73,17.04,6.69,9,62.672
260,-30.7414,30.455,55,14.91,8.73,100,58.838
261,69.3,139.9,92,0.01,1.69,100,32.018
262,19.3667,-81.4167,74,31.1,3.13,40,87.98
263,4.8699,-2.2405,85,25.16,4.88,95,77.288
264,66.8333,70.8333,86,7.33,7.1,92,45.194
265,69.4865,88.3972,91,3.61,2.86,100,38.498
266,2.9167,73.5667,74,28.3,7.21,100,82.94
267,40.7391,-114.0733,23,22.56,3.6,1,72.608
268,42.4165,-122.8345,53,19.75,1.54,1,67.55
269,6.4965,2.6036,84,27.9,3.6,85,82.22
270,52.4155,-4.0829,84,19.12,1.53,9,66.416
271,16.6362,1.637,25,37.65,2.51,6,99.77
272,71.9667,102.5,98,1.15,6.82,100,34.07
273,49.2167,143.1167,94,14.21,0.56,94,57.578
274,26.326,43.975,11,38.25,4.79,2,100.85
275,3.1667,113.0333,94,24.23,1.54,40,75.614
276,15.7432,-96.4661,59,29.95,3.4,98,85.91
277,23.5656,116.8194,94,25.99,0.0,90,78.782
278,20.8624,92.3058,89,26.64,5.48,100,79.952
279,54.4299,31.8996,91,14.8,2.32,31,58.64
280,26.3544,127.8686,86,27.23,3.09,20,81.014
281,9.9658,98.6348,86,25.49,2.73,91,77.882
282,-21.2078,-159.775,64,20.03,2.57,8,68.054
283,42.7297,133.0839,86,18.55,2.54,55,65.39
284,-5.5502,150.1429,93,23.63,1.99,89,74.53399999999999
285,-23.85,151.25,88,16.96,2.57,13,62.528000000000006
286,14.9215,-23.5087,69,28.3,4.63,75,82.94
287,5.8245,-73.0341,68,16.87,2.43,100,62.366
288,-45.4167,167.7167,98,5.86,0.71,98,42.548
289,55.7435,-97.8558,52,20.09,2.57,75,68.162
290,8.6,-11.0333,95,23.27,1.13,86,73.886
291,-9.5019,-36.0228,60,27.28,4.3,15,81.104
292,49.758,129.523,94,6.21,3.3,0,43.178
293,-38.3333,143.5833,94,9.07,3.04,100,48.326
294,35.9221,74.3087,72,20.83,1.58,100,69.494
295,-37.8811,147.981,86,5.32,1.93,82,41.576
296,20.1986,1.0114,13,39.48,2.56,46,103.064
297,58.9564,126.2925,89,2.02,0.61,12,35.636
298,-4.5772,-81.2719,60,24.42,5.66,0,75.956
299,61.67,96.37,76,9.88,2.54,80,49.784
300,46.5644,3.355,66,18.95,2.39,13,66.11
301,-34.0033,24.7314,79,7.71,3.36,51,45.878
302,-3.5797,-59.1306,32,37.52,2.33,60,99.536
303,-34.4833,-54.3333,60,17.98,4.23,97,64.364
304,62.1444,117.6319,90,8.62,2.49,39,47.516
305,-36.7167,-73.1167,88,12.82,5.66,90,55.076
306,14.0833,98.2,93,24.02,1.64,100,75.236
307,22.6783,-3.9836,14,41.7,8.19,39,107.06
308,-8.8978,-35.1478,72,26.15,4.58,35,79.07
309,-0.0921,11.9385,87,24.59,1.23,100,76.262
310,36.2126,57.6819,21,26.41,7.36,0,79.538
311,13.5182,99.9547,86,25.32,1.58,100,77.576
312,34.7667,32.4167,74,27.29,2.06,40,81.122
313,42.2683,118.9636,70,14.4,1.33,38,57.92
314,56.0055,71.5113,87,11.1,3.98,100,51.98
315,17.0151,54.0924,94,26.05,2.57,90,78.89
316,-38.5473,-58.7368,43,19.46,7.27,71,67.028
317,42.8,93.45,25,26.44,2.82,21,79.592
318,-41.4122,175.5153,93,8.11,0.59,64,46.598
319,6.1241,81.1185,79,26.68,8.12,95,80.024
320,30.6945,78.4932,93,17.22,1.66,26,62.995999999999995
321,-35.3333,-72.4167,51,16.65,2.75,100,61.97
322,25.05,61.7417,84,26.08,2.87,27,78.94399999999999
323,50.7214,136.6319,98,13.1,1.97,100,55.58
324,58.1584,28.1858,86,17.86,4.6,81,64.148
325,24.3448,124.1572,78,28.44,5.07,8,83.19200000000001
326,-31.5889,28.7844,42,8.31,4.63,0,46.958
327,33.2833,134.15,75,27.15,1.34,0,80.87
328,4.9247,6.2642,96,23.59,2.19,100,74.462
329,61.9045,6.7226,67,18.1,2.71,1,64.58
330,18.15,74.5833,76,24.58,4.06,100,76.244
331,43.3684,13.6223,58,18.21,3.42,78,64.778
332,-3.2778,-39.2689,47,30.57,7.83,65,87.026
333,47.3833,26.9333,62,19.22,2.34,86,66.596
334,60.8953,131.9608,88,3.63,0.97,92,38.534
335,59.6289,112.7406,75,10.3,1.11,26,50.54
336,11.2842,49.1816,39,35.19,1.98,100,95.342
337,15.1333,-23.2167,73,28.44,2.69,98,83.19200000000001
338,16.8634,-99.8901,94,23.9,2.57,90,75.02
339,-29.9533,-71.3436,72,15.85,6.17,0,60.53
340,25.0213,37.2685,68,31.37,3.39,3,88.466
341,50.6789,156.125,95,12.73,1.72,100,54.914
342,-18.7786,-46.4075,25,29.19,3.99,6,84.542
343,-33.2926,23.4895,70,3.54,1.99,45,38.372
344,10.5669,72.642,82,26.18,7.49,100,79.124
345,0.5,29.4667,76,18.57,1.07,87,65.426
346,38.4167,77.2406,27,24.93,3.36,100,76.874
347,12.524,-70.027,70,30.97,10.8,40,87.74600000000001
348,20.5333,76.1833,79,23.45,3.03,97,74.21
349,21.3156,-158.0072,71,24.42,2.06,1,75.956
350,-39.0333,177.3667,99,11.42,0.94,100,52.556
351,-7.8447,-79.1469,58,16.3,4.53,89,61.34
352,41.1415,-73.3579,77,22.66,0.45,75,72.788
353,-4.2761,-55.9836,58,33.09,2.57,40,91.56200000000001
354,36.6777,-121.6555,60,22.86,2.06,1,73.148
355,7.9986,124.2928,92,20.36,0.95,77,68.648
356,2.5345,34.6666,53,23.88,1.49,57,74.984
357,5.3833,-52.95,70,29.84,6.41,72,85.712
358,52.4675,96.11,96,9.8,1.04,87,49.64
359,-33.5189,-53.3681,56,17.0,4.7,82,62.6
360,-19.9842,57.6142,91,21.93,4.02,100,71.474
361,14.8961,-24.4956,81,25.0,1.68,78,77.0
362,10.5835,-61.1177,90,26.86,4.33,90,80.348
363,40.7668,-72.8521,71,22.35,1.79,90,72.23
364,4.3133,22.5552,99,21.77,1.08,73,71.186
365,51.735,39.1496,46,24.12,2.0,0,75.416
366,18.217,-63.0578,70,30.64,5.66,40,87.152
367,-8.7676,160.7034,90,24.78,2.37,99,76.604
368,64.2539,-15.2082,70,13.12,4.93,51,55.616
369,-34.0527,23.3716,75,8.87,3.09,58,47.966
370,38.8586,-104.6989,15,30.4,4.12,40,86.72
371,43.8843,11.0909,47,22.46,0.45,0,72.428
372,-45.8742,170.5036,88,7.67,2.29,34,45.806
373,43.9098,67.2495,19,28.59,4.49,8,83.462
374,54.0979,61.5773,56,10.92,4.14,79,51.656
375,50.2001,-66.3821,50,21.95,2.24,20,71.50999999999999
376,-26.8241,-65.2226,27,24.0,4.12,0,75.2
377,58.3131,82.9089,81,9.78,3.49,100,49.604
378,63.05,179.3167,92,9.56,2.82,100,49.208
379,18.7369,7.3853,16,38.91,6.61,9,102.03799999999998
380,7.5264,-12.505,75,26.98,3.89,92,80.564
381,46.6806,113.2792,87,9.97,3.5,85,49.946
382,65.9702,-18.5286,57,15.96,2.63,91,60.728
383,59.758,18.705,93,14.93,3.85,84,58.874
384,-2.9248,-39.9167,50,30.65,9.28,66,87.16999999999999
385,52.1071,19.9453,71,16.37,0.92,90,61.466
386,-35.1667,173.1667,92,12.59,2.84,15,54.662
387,-1.5233,-52.5817,42,34.49,3.23,10,94.08200000000001
388,-33.0117,17.9442,58,10.23,2.62,54,50.414
389,-35.2268,173.9474,96,11.62,2.24,16,52.916
390,-5.08,-37.6167,28,33.5,7.99,81,92.3
391,-15.89,-52.2567,28,35.32,2.06,0,95.576
392,-20.3428,57.7575,100,21.14,10.8,75,70.05199999999999
393,14.9215,-23.5087,69,28.3,4.63,75,82.94
394,28.6167,80.1,92,24.45,1.97,53,76.00999999999999
395,-15.25,-68.1667,45,30.6,0.88,60,87.08000000000001
396,-12.9067,15.2533,20,25.3,2.27,15,77.54
397,18.8003,110.3967,85,26.16,0.9,11,79.088
398,34.6391,-120.4579,100,19.61,0.0,90,67.298
399,-3.2033,-52.2064,58,33.05,3.09,40,91.49
400,-28.55,16.4333,69,11.91,9.13,4,53.438
401,-0.7193,8.7815,78,25.98,5.14,75,78.764
402,59.6506,6.3542,68,18.21,1.52,44,64.778
403,-22.6667,167.4833,79,21.22,2.74,18,70.196
404,13.2154,18.3353,52,32.25,5.59,98,90.05
405,28.3667,129.4833,80,24.7,1.72,3,76.46
406,-14.4667,132.2667,48,16.18,3.09,28,61.124
407,16.1833,-22.9167,65,29.11,6.17,75,84.398
408,48.0448,40.045,41,27.08,2.43,36,80.744
409,-3.2997,-60.6206,45,31.32,0.83,68,88.376
410,14.2,24.6667,25,30.19,3.16,44,86.34200000000001
411,-23.7,133.8833,37,11.75,2.57,12,53.15
412,40.5308,-112.2983,40,22.38,1.54,1,72.28399999999999
413,-15.8631,-38.8828,67,27.0,3.6,17,80.6
414,-0.9131,122.8766,88,23.64,2.93,67,74.55199999999999
415,-30.3833,153.1,94,5.93,2.06,0,42.674
416,32.767,22.6367,73,26.86,3.02,7,80.348
417,62.0989,126.6992,90,3.01,1.86,32,37.418
418,16.2833,-97.8167,53,29.81,2.68,100,85.65799999999999
419,41.3712,-73.414,76,22.0,0.45,90,71.6
420,52.0834,40.77,41,20.97,5.78,15,69.746
421,68.3499,-133.7218,93,9.92,2.06,90,49.856
422,-12.4303,-39.2514,46,28.24,4.96,78,82.832
423,55.6193,-3.063,80,18.01,1.56,70,64.418
424,-6.9811,-34.8339,73,29.37,7.31,99,84.866
425,39.3558,-9.3811,74,21.93,4.65,89,71.474
426,60.7161,-135.0538,93,8.44,1.54,90,47.192
427,-25.4,-70.4833,65,18.02,2.88,14,64.436
428,67.4667,86.5833,77,4.84,2.69,71,40.712
429,63.4427,-20.2734,82,12.55,7.2,40,54.59
430,3.4568,8.5547,83,25.94,0.8,95,78.69200000000001
431,33.3317,-105.673,51,24.35,0.45,75,75.83
432,-45.8667,-67.5,38,14.92,11.83,20,58.856
433,-2.0226,147.2712,78,27.56,4.51,100,81.608
434,-20.5167,57.5167,100,21.21,10.8,75,70.178
435,22.9333,97.75,98,19.6,0.57,86,67.28
436,20.0,-3.0,15,41.26,1.58,6,106.268
437,-8.145,159.5921,85,26.18,3.67,97,79.124
438,-21.6403,-41.0511,70,28.05,5.44,36,82.49000000000001
439,36.9559,36.2,68,27.23,0.93,0,81.014
440,49.0973,33.4197,59,22.22,2.22,20,71.996
441,-28.5708,-70.7581,16,27.07,2.5,23,80.726
442,59.3556,5.2242,77,16.19,5.66,0,61.142
443,13.4667,22.2,51,28.74,1.12,29,83.732
444,44.6714,-103.8522,65,18.9,4.42,42,66.02
445,30.4833,-115.95,66,25.64,4.62,9,78.152
446,-3.6667,152.4333,83,25.96,3.63,96,78.72800000000001
447,60.9167,-46.05,47,10.12,1.86,100,50.216
448,39.1166,-121.6391,24,28.98,0.0,90,84.164
449,64.8945,-23.7142,82,11.09,10.26,97,51.962
450,20.931,-17.0347,61,27.99,4.63,14,82.382
451,24.4667,54.3667,52,36.01,3.6,0,96.818
452,49.2138,-84.7705,94,15.17,1.53,100,59.306
453,42.6833,12.3167,69,16.65,2.74,38,61.97
454,15.2667,-83.7667,79,30.08,4.12,75,86.14399999999999
455,30.0035,-91.8187,79,29.76,4.12,75,85.56800000000001
456,-17.7333,-149.15,79,25.01,5.51,14,77.018
457,5.6947,-76.6611,58,31.97,1.11,100,89.546
458,14.0453,124.1694,85,26.46,2.81,100,79.628
459,44.5086,50.263,65,26.98,3.35,1,80.564
460,62.0025,132.4325,78,6.17,1.56,100,43.106
461,48.0056,91.6419,54,15.23,1.8,30,59.414
462,34.6851,135.8049,80,26.6,0.47,65,79.88
463,-28.8667,153.5667,93,5.95,0.0,0,42.71
464,39.2167,-2.15,21,30.82,6.29,0,87.476
465,9.2667,-9.0167,85,25.14,1.25,90,77.252
466,17.9583,-102.2,95,24.11,3.56,100,75.398
467,18.2,-73.75,60,30.97,5.43,8,87.74600000000001
468,58.8053,-122.7002,87,11.77,1.54,75,53.186
469,51.226,-58.6502,29,20.24,7.3,0,68.432
470,37.6167,-4.3225,35,31.06,4.81,48,87.90799999999999
471,43.7424,-82.8199,65,30.48,1.79,1,86.864
472,49.6925,83.2892,42,9.75,0.31,1,49.55
473,2.6708,72.8944,72,28.48,7.69,97,83.264
474,-12.0667,134.2667,47,20.13,3.59,79,68.234
475,4.9333,-52.3333,78,30.05,2.24,75,86.09
476,-20.2333,164.0167,80,22.29,3.35,3,72.122
477,31.6725,38.6637,16,37.14,3.09,20,98.852
478,-28.0,153.4333,84,9.24,1.54,0,48.632
479,35.3029,37.1841,24,30.59,4.33,2,87.062
480,7.9803,49.8164,75,25.33,13.06,93,77.594
481,48.8125,103.5347,83,8.32,1.11,41,46.976
482,69.6496,18.957,82,11.01,2.06,75,51.818
483,28.3167,109.7167,96,22.57,0.11,85,72.626
484,-7.3,-70.2167,31,37.38,0.36,92,99.284
485,60.7167,-46.0333,54,10.28,1.61,100,50.504
486,19.0667,82.0333,91,23.2,1.62,100,73.75999999999999
487,4.4133,32.5678,62,25.37,1.47,37,77.666
488,13.0667,-59.5333,70,31.05,10.29,75,87.89
489,38.8876,-76.5119,75,30.38,1.34,75,86.684
490,55.3422,-131.6461,96,14.07,4.53,99,57.326
491,62.6667,135.6,92,2.99,0.36,62,37.382
492,-19.1164,33.4833,69,23.92,3.17,0,75.05600000000001
493,62.7191,32.727,83,10.98,1.27,28,51.764
494,5.6667,73.0,77,27.9,7.41,100,82.22
495,-3.3333,128.9167,90,24.8,1.27,92,76.64
496,42.1584,-72.3287,60,22.32,4.63,90,72.176
497,29.2747,82.1838,96,16.54,1.17,97,61.772
498,12.5,102.5,92,23.77,0.55,100,74.786
499,15.1718,44.3244,30,22.36,3.12,88,72.248
500,0.9161,31.7742,62,20.1,0.36,92,68.18
501,12.2833,-10.9667,88,27.0,2.11,88,80.6
502,55.219,75.9828,82,12.03,4.67,100,53.653999999999996
503,67.6713,53.087,87,7.54,6.83,100,45.572
504,-21.3667,55.6167,85,19.56,4.5,97,67.208
505,47.0558,37.3107,52,24.78,2.5,0,76.604
506,-10.4,40.3333,84,22.25,3.21,13,72.05
507,28.4682,-16.2546,78,26.06,4.63,0,78.908
508,36.5633,53.0601,83,27.77,1.03,0,81.986
509,29.85,80.5333,93,21.72,0.67,70,71.096
510,42.3496,14.4039,92,16.83,3.94,98,62.294
511,54.0524,-128.6534,89,14.39,0.45,100,57.902
512,43.7501,-81.7165,74,27.19,4.12,85,80.94200000000001
513,25.2919,60.643,86,26.23,2.87,16,79.214
514,18.4726,120.5763,81,27.6,1.74,73,81.68
515,21.0914,71.7622,74,26.66,4.26,70,79.988
516,-34.6177,-68.3301,17,19.61,4.9,100,67.298
517,8.9167,38.6167,84,15.02,1.02,59,59.036
518,25.5198,90.2201,95,22.66,1.17,100,72.788
519,12.1791,125.5072,80,26.99,2.32,99,80.582
520,28.017,-97.5169,48,31.23,3.74,33,88.214
521,58.2093,-6.3865,82,14.97,3.09,90,58.946000000000005
522,1.3292,172.9752,78,27.0,2.57,20,80.6
523,-17.7125,-39.2481,61,25.74,3.86,23,78.332
524,-6.2641,107.0712,66,25.94,0.8,80,78.69200000000001
525,-23.4923,-58.7972,51,26.61,1.65,57,79.898
526,34.8014,-106.5436,38,26.59,3.1,18,79.862
527,-33.1307,-64.3499,18,20.08,4.0,44,68.14399999999999
528,68.5333,146.4167,91,5.33,1.03,100,41.594
529,-21.15,149.2,100,16.99,2.06,75,62.582
530,33.7333,135.9833,79,26.62,2.12,0,79.916
531,53.9006,51.2117,44,14.3,3.96,0,57.74
532,9.4942,50.8122,83,24.45,15.82,35,76.00999999999999
533,15.0,-83.2333,75,30.05,4.44,90,86.09
534,32.3333,-117.0333,63,26.37,4.29,1,79.46600000000001
535,33.0833,-16.3333,65,23.68,4.63,20,74.624
536,60.34,102.2797,72,13.34,1.79,49,56.012
537,55.148,40.5537,58,13.94,2.67,5,57.092
538,-29.7833,151.1167,74,3.85,2.13,0,38.93
539,5.8833,-56.3167,60,31.07,3.45,28,87.926
540,-11.0964,-77.6139,67,20.37,4.66,29,68.666
541,17.5314,78.265,90,24.48,3.13,100,76.064
542,66.6572,66.4183,65,9.59,6.94,100,49.262
543,-20.0064,57.6608,91,21.88,4.02,100,71.384
544,65.5833,-171.0,97,6.34,4.03,100,43.412
545,-22.116,14.2845,72,14.36,4.23,0,57.848
546,-31.5375,-68.5364,14,22.36,5.4,21,72.248
547,9.35,42.8,73,18.88,3.23,80,65.984
548,-20.0167,148.2333,83,17.12,3.67,21,62.816
549,64.5011,-165.4064,93,9.04,10.8,90,48.272
550,50.5167,115.1333,62,12.15,2.22,40,53.870000000000005
551,41.7245,-81.2457,70,30.78,0.45,1,87.404
552,8.4109,20.6473,90,23.54,0.44,64,74.372
553,53.8765,43.6946,51,14.46,3.21,4,58.028000000000006
554,0.0487,18.2603,74,25.3,2.62,99,77.54
555,19.2833,-81.25,73,31.53,4.02,40,88.75399999999999
556,33.8464,-118.0467,77,25.77,1.54,75,78.386
557,43.3665,-124.2179,72,18.2,6.17,1,64.75999999999999
558,23.2167,-106.4167,78,32.17,1.79,90,89.906
559,61.5071,38.9456,71,9.04,0.21,7,48.272
560,60.4667,166.1,96,11.02,0.78,99,51.836
561,63.8424,-22.4338,82,11.26,10.29,90,52.268
562,25.1167,114.3,84,23.78,1.16,45,74.804
563,-20.7511,-51.6783,31,30.42,2.58,98,86.756
564,47.4842,18.644,53,17.76,2.71,100,63.968
565,14.3,-91.9167,71,32.24,2.26,52,90.03200000000001
566,-1.8283,-44.8683,54,30.38,4.27,79,86.684
567,-21.55,167.8833,79,20.67,2.27,6,69.206
568,32.1038,70.9724,26,36.58,3.12,17,97.844
569,9.1025,123.1996,79,26.64,1.23,99,79.952
570,8.25,34.5833,90,22.97,1.87,53,73.346
571,55.7228,93.7594,84,13.79,2.5,34,56.821999999999996
572,51.2333,12.7167,82,15.56,1.62,85,60.007999999999996
573,42.2506,-75.833,69,24.61,0.45,90,76.298
574,61.9247,63.0231,72,9.55,1.63,94,49.19
575,-9.8756,-56.0861,30,37.9,2.06,20,100.22
576,28.1667,94.7667,99,22.02,0.63,100,71.636
577,45.6169,-61.3485,54,20.05,3.58,20,68.09
578,56.7393,38.8563,67,12.25,3.15,8,54.05
579,43.4884,-0.7724,26,25.37,3.35,0,77.666
580,35.8614,14.3822,65,27.09,4.63,0,80.762
581,66.3167,-179.1667,92,2.39,1.84,100,36.302
582,16.8901,-24.9804,54,29.75,6.17,20,85.55
583,-7.3,27.4167,27,30.64,0.36,24,87.152
584,-9.1061,124.8925,71,21.11,2.6,61,69.998
585,17.4924,44.1277,10,33.36,2.5,38,92.048
586,57.8794,34.9925,77,12.79,2.82,14,55.022
587,25.2833,-100.0167,40,31.7,3.48,69,89.06
588,62.55,155.55,89,10.7,1.06,100,51.26
589,4.0242,9.2149,91,25.47,1.88,100,77.846
590,-25.1667,46.0833,62,19.99,4.64,0,67.982
591,63.2842,118.3319,73,12.0,3.96,72,53.6
592,15.85,-97.0667,61,29.46,2.57,20,85.02799999999999
593,9.0833,77.35,86,24.19,4.52,100,75.542
594,44.1628,80.0,44,19.7,2.16,23,67.46
595,37.4725,-4.4421,35,30.91,1.79,58,87.638
596,42.9873,-85.0711,68,31.16,3.6,40,88.088
597,47.4272,-92.9377,94,19.08,1.54,90,66.344
598,58.3814,97.4531,75,13.57,0.48,11,56.426
599,-8.8368,13.2343,78,22.0,3.6,75,71.6
600,-14.25,129.55,82,20.6,1.37,56,69.08
601,19.0527,-70.1494,45,32.94,3.89,10,91.292
602,19.2167,-98.8083,68,18.49,3.08,95,65.282
603,56.8817,56.5813,79,6.9,1.19,16,44.42
604,70.9963,24.6622,74,8.49,5.39,97,47.282
605,62.2266,-6.589,87,12.51,2.3,12,54.518
606,27.6667,85.3333,100,20.21,1.54,75,68.378
607,71.0357,27.8492,79,7.45,6.88,91,45.41
608,14.3122,121.1114,84,27.64,2.56,93,81.752
609,-28.783,32.0377,83,10.55,7.75,100,50.99
610,47.0532,-122.3976,68,18.09,0.45,1,64.562
611,-14.7564,-40.0892,57,24.93,4.12,78,76.874
